-50.52058058957542
-49.81344200922841
-47.60402318478383
-44.65035442062411
-39.42786080657947
-35.6813009738535
-28.311907065928104
-26.701588877603648
-27.163714837187165
-27.67212762656753
-28.12088547058148
-28.107258876632244
-28.500396060110216
-28.15721575985344
-28.666826371477757
-28.868795706378965
-28.78623884843637
-28.753448569493035
-28.584933448910707
-28.5032905623009
-28.736131014044986
-28.808891361707698
-28.725278676881693
-28.85888001427418
-28.16291299557032
-28.407834767345616
-28.722396946605652
-28.44323812074539
-28.122229289155218
-28.659121581637702
-28.29597490139146
-28.73892998884966
-28.581211374415126
-28.56320293206244
-28.88670714592231
-29.733759546694014
-29.057219111969957
-29.807194679575566
-30.145430960592517
-30.37984401510403
-30.413844136801117
-30.57597042722766
-30.21817782939528
-30.357370440515638
-30.993147402101666
-30.321608995300227
-29.673543066387367
-29.314831247919376
-29.298851680158148
-29.327964710039957
-29.968350469235887
-29.078200477778
-29.099748190206743
-28.999343208131485
-28.55352091628901
-28.68323862218612
-28.267617758346912
-28.68304196778104
-28.549095820327008
-28.38132167499735
-28.680863089395416
-28.128278783571425
-28.436517435055805
-28.929724779002143
-29.03125478468453
-28.80633643312329
-28.444235072466412
-28.739610070161255
-28.844623037202325
-28.536435690486396
-28.67532309010265
-28.89943263206603
-28.55655350756507
-28.89946244657795
-28.688965825027037
-28.575543266759308
-28.56218369975856
-28.602714015746663
-28.674582746722443
-28.859495606426687
-28.971868582537986
-28.9091973136497
-29.355561897496926
-29.229515180148873
-28.823484053050922
-29.081270256660094
-29.05977573148478
-28.585385761956783
-29.01598300338306
-28.599051395054975
-28.32565020286811
-28.338545943977
-28.693855139107665
-28.90108260031172
-29.212368747117512
-29.34184203363368
-28.924622079303916
-29.275781590021506
-28.939003651116856
-28.871171348436537
-28.732356646343735
-28.35067743255125
-28.391334101991948
-28.202013020693343
-28.437558484364803
-28.119353570466878
-28.104852952725906
-28.414763254602452
-28.61512934767061
-28.102437871135752
-28.246453503291193
-28.925017693827552
-25.151052837047438
-28.853277320616122
-23.839450628623855
-26.20617335478074
-24.06406420120754
-24.789983287311916
-24.97619806117586
-24.151586041015463
-24.150617339335213
-24.311153531688948
-24.209524255852894
-24.166747423004217
-19.99989035004152
-22.891289435722342
-22.901079604687716
-23.858516861361277
-20.216455624823848
-20.668025403523735
-18.690664947351326
-21.219956792325608
-20.14138886463044
-19.708513831258358
-17.62981623243851
-18.315000041625947
-19.368262950161565
-23.101212823638622
-17.68245857181101
-23.90708426147461
-22.26580680568775
-28.862175166299902
-26.269150641957946
-24.605254370226856
-26.20696042427581
-26.959810304388846
-18.22820793798695
-18.762927779520336
-18.712592492637505
-15.547284085000264
-12.226901382133596
-14.807998740232375
-21.33382103590175
-27.189009390360702
-33.275921756862374
-33.60092723200301
-32.85357446678074
-33.319472949993134
-32.70192010735415
-34.25777348927828
-33.56133324195333
-31.321200321490995
-28.800756108616675
-26.889284932168188
-24.155116503479352
-22.225547374643263
-20.611831049104072
-21.28406506345641
-22.138076676081624
-23.43651428583865
-24.544414305130424
-24.89911505688735
-24.69450790765846
-25.705201198802328
-25.687290749726333
-25.41211675304895
-25.365983804522653
-24.904390285708015
-25.27886173544411
-24.64901656595039
-24.729031757206574
-24.069222146240456
-23.637075347716806
-23.8769613914486
-23.920738888943003
-23.695166382448036
-23.973573386053133
-24.2788176058451
-23.69572366929003
-24.020146236784502
-23.630850090011492
-23.763753731593287
-24.23145746289383
-24.43329338843355
-24.13105369745273
-24.02535306173101
-23.625087651921557
-24.001587524629002
-23.90687948381471
-23.822168538170345
-23.8713759122853
-23.776318070344445
-23.848811818595927
-23.304319325404293
-24.002876226028384
-24.125465598660732
-24.068445908791013
-24.110952550605777
-23.879286473562107
-24.164788897825094
-23.63713542538965
-24.0409275841903
-24.102944516888876
-24.12989604469354
-24.319964397018488
-24.364638715712292
-24.46900831458973
-24.23423032303359
-24.399980690054484
-24.395165051731155
-24.375101957515092
-24.296137278384894
-24.359977300722502
-24.156602096369333
-24.39815268793433
-24.175968674364963
-24.241016867044912
-24.42316368854971
-24.31423052405285
-23.717027866339585
-24.209963812566095
-24.11796987595288
-24.059299721054757
-23.77358621970236
-24.26140856413479
-23.6660737081793
-24.031027487439516
-24.645009517995607
-23.95052227049658
-23.824902067838945
-24.423751541078488
-24.075158359942513
-23.686083615502184
-24.059938349194958
-24.361651882127127
-23.861477008450763
-24.419881411092245
-24.187507820101725
-24.351366857126933
-24.389352451440732
-24.049531752315026
-24.124525645447967
-23.733549523683653
-24.256344656243115
-24.584864747139257
-24.17598998077672
-24.402040215743
-24.422849322670128
-24.113461078587356
-23.90916521344399
-24.289666694975576
-24.429348640590344
-24.033944609733126
-24.028102704478332
-23.54368039579799
-23.929826414958704
-24.31211072883982
-23.86707076380162
-23.69225466302466
-24.347227858992312
0.0
-24.431793804639014
-23.367580404718524
-23.963204132013537
-23.952050553494168
-23.9770095108149
-24.34805662560249
-24.477515485583453
-23.8837240480326
-24.765131281354996
-23.976471737765237
-23.5977545571054
-23.915958208881726
-23.66904888849874
-23.405772872488203
-23.557491972259772
-23.397728604775946
-23.473575834590363
-23.491681649508966
-23.568517679479044
-23.75552681212396
-23.77678273691759
-23.9496805259619
-23.795088695789634
-24.185840959193072
-24.48343804920329
-24.235350721476127
-23.949127638548507
-24.06280854805101
-24.230999655724883
-24.087765979173195
-23.943163574674685
-24.114686223857767
-23.910451813706764
-24.119070284063266
-23.552901588180806
-23.750706820921657
-23.59050579190581
-23.999992646701198
-23.881624545419665
-24.270292330185743
-23.988500420592523
-23.918518786424226
-23.842266977410105
-23.787958249170046
-24.427596375048502
-24.31469855466465
-24.23808384939713
-23.9368601224715
-24.218035376476962
-23.84798234383962
-23.943236930738795
-24.067738680371953
-24.12951801425817
-24.337519479181537
-24.188985834251778
-24.0085079840231
-23.802981489921493
-23.936668573884482
-23.571633697322937
-23.978035769263748
-23.87178611240138
-23.83482049935387
-24.174098884614615
-23.919115522677288
-24.235946172571932
-24.38201767014774
-24.192385875993303
-24.32336645609828
-24.574675174996138
-24.71669975227258
-24.51216896966603
-24.118572381745466
-23.824225665598096
-24.12940312889227
-23.872964307863267
-23.979474311953087
-23.771779515273263
-23.882469896164885
-23.749618430118744
-23.788986762776712
-23.791964150597128
-24.54073094102386
-24.167272410534036
-24.02165434300111
-24.372494052281517
-24.22775407870729
-24.160423795089706
-23.636775123204384
-23.887839078188367
-24.248183720691248
-24.129463185669042
-24.498421220936656
-23.91938562308403
-24.150399941297252
-24.252268063053588
-23.942267091389734
-23.762378394176153
-23.934155473186898
-24.626052677203393
-23.800251077908896
-24.24336509645655
-24.12495631518021
-24.19962890012382
-24.26200152546992
-24.364380552748667
-23.787816647514568
-23.905038447014498
-24.002627782923277
-23.8704788790682
-23.75313184084393
-23.887722544616782
-21.851490962236735
-24.189781972956567
-23.915453451771874
-24.14842640242888
-24.307229509133748
-24.341618214610435
-24.647177421029426
-19.377540022353426
-23.85439097251783
-23.338184167068007
-23.07367450370598
-22.90264632765539
-22.95954235587909
-22.395662224825553
-22.65029089360045
-22.273285043488496
-21.710011692379016
-21.984969796634918
-21.64601648233003
-21.44774250668672
-21.275546169080982
-21.444206298373295
-19.474528846525647
-19.356458325574025
-16.02773567758894
-17.418357844952006
-15.457611456857732
-16.528449752131426
-15.638292465231414
-16.006661315277665
-16.60116445129332
-15.253002997520484
-16.17299928271767
-15.663243420998077
-16.02447041768679
-15.64825658411744
-16.457124877246752
-14.933344447127405
-12.727783876630774
-17.685045644522592
-17.497687673948178
-19.319158195365404
-17.515715459195945
-19.184916224207928
-18.749703468395296
-18.98352149774066
-20.850755093442263
-18.06948131110131
-13.81207613770402
-13.744365265238942
-13.104082409419886
-8.274286002176174
-7.496840724632652
-12.601778007964853
-23.781720970554495
-24.287076858863667
-24.830182809871147
-25.351147532196844
-29.766989295322112
-27.456175792970186
-26.556242914384377
-26.984081833903083
-24.711906100845756
-22.63452229772677
-20.43259789954502
-19.01402678815525
-18.533579711133886
-19.075444763753016
-19.665439411253665
-21.26152882996447
-23.901889346971004
-26.49756452141499
-27.793648389897385
-27.63699293853028
-27.20124780008299
-26.4083682331015
-26.16895427348719
-26.243465764588432
-25.609647670068703
-25.243795180793825
-25.391043136860613
-24.993698376574187
-24.99230037299673
-25.057036414430595
-25.073968329976083
-25.71783014181954
-25.356922793705408
-25.145479224487747
-24.927096544591212
-24.903278259522633
-25.178454500714572
-25.11187532788196
-25.403424472711404
-24.75388093085369
-25.56146916365086
-24.992723588089298
-25.20856340549245
-24.98033792560176
-25.220267517603943
-24.739075333933044
-25.04100081207067
-25.183101299981438
-25.026710848539825
-24.770530054962244
-25.309748289527953
-24.991557309510778
-24.465796266547976
-24.06175412962036
-24.983871635554067
-25.05445197625721
-25.065249271290828
-25.052580052724114
-24.592430097420934
-24.43260052930472
-25.005883568537037
-25.390681162397318
-25.779106093838568
-26.23484230825825
-26.324513942674674
-26.259337031760673
-26.651677308605976
-26.51082079045293
-26.429911724121045
-26.506262910328175
-26.151199700099134
-26.477425065220757
-26.322972990455334
-26.222333026232604
-26.498218259675234
-25.963061919766492
-26.166690755716186
-26.36527754371244
-25.632509249154783
-25.406351061969254
-24.727428211805908
-24.94233233118284
-24.89365913978835
-24.941505369885085
-25.389389885565222
-25.382317997136553
-25.409331670105573
-25.665963763814418
-24.91983503116239
-25.28723285331569
-25.25228932583477
-24.888282336647567
-24.049484046392095
-24.17751280532158
-24.502450142100432
-23.947953859859
-24.08187337255892
-23.500081955702317
-23.059538806568458
-23.132250956885713
-22.976979349068067
-23.061568193394947
-23.184151177885045
-23.31980506599929
-22.88058715255239
-23.65191354718493
-23.957702459046633
-24.073161650334626
-24.459887281221874
-25.223385424923723
-24.98873774543435
-25.732102088170762
-25.37723089302559
-25.805000406750707
-24.87500638027589
-24.888957564505283
-25.22803676967753
-24.894493170425495
-24.64640067087822
-24.906378426162448
-24.646708878262434
-25.097983710992622
-24.791128195300374
-24.565045937232984
-24.585099035237153
-24.80497136839598
-24.595849544775128
-24.89656539738687
-24.93259294882165
-24.78146845400722
-25.02956880189949
-24.884988955138187
-24.61839110050377
-24.779102768984597
-24.778330551352138
-24.6641384561704
-24.737746307503567
-24.796830644069196
-24.899646763917946
-24.632388043251773
-24.18361201293453
-24.16848223848699
-24.980355583899502
-24.891191891132266
-24.413395749793214
-24.658349645053146
-24.792927685735602
-24.604626307722565
-24.461184198070743
-24.863010866218573
-24.72166489520648
-24.561131026283455
-24.625257793172963
-24.977836516298616
-24.855847782314093
-24.329203868260425
-24.62204665378567
-24.801617392827055
-24.94425998743917
-24.64764608743211
-24.478007912731144
-24.579882244643333
-24.73148705587276
-24.53056545238809
-54.989204762162146
-55.79961959303882
-54.07703668743999
-51.363952923586986
-49.12105444232353
-44.97851842029794
-37.896635264506
-30.570823992721014
-31.255814682774165
-31.798044971972388
-32.296498761309344
-32.71959638885268
-32.59188039791819
-33.046948771502734
-33.54122066969017
-33.51466095010888
-33.3476435204701
-33.12474925145361
-33.504248229746295
-33.54721402779209
-33.675369105901495
-33.28287116591623
-33.6664011186604
-33.37126540925434
-33.155574616639505
-33.365428958840965
-33.49371949522375
-33.571254338338214
-33.79851929608098
-32.97002485669674
-33.73442506347097
-34.17716191319743
-33.47230090466407
-33.554914707563675
-33.64986215830442
-34.72454263965229
-35.03664435664583
-34.78729810875807
-35.159074271556264
-35.753106280795606
-35.416512752331066
-35.260609006558006
-34.63749950565304
-35.1502364852702
-34.645098045874924
-34.779973584674664
-34.1778899511911
-34.82018996030504
-34.10384057218985
-33.91384006665989
-33.43690319893754
-33.79428923291457
-33.32777629842162
-33.52901662718058
-34.01993328818134
-33.12437843426009
-33.379640885541676
-33.038332703659414
-32.9479471042024
-33.21053864238624
-33.29086748699537
-33.48106567868995
-33.0082959453874
-32.72595405355382
-33.179248823074175
-33.01645351219508
-29.28079163674719
-32.963787464857035
-33.03907160799059
-32.5630453261473
-33.306054400148625
-33.68546500882779
-33.30077394573156
-33.28358202451236
-33.718005885903224
-33.628482830190734
-33.52234935961773
-33.44573162175252
-33.35957366760837
-33.56518018060443
-33.37969907202836
-33.625595837523946
-32.66436534900177
-33.73993626446726
-33.04995301253384
-33.124989443008154
-33.246258651301765
-32.98565060900605
-33.85491793925736
-34.68466586368208
-33.74560173050768
-33.42224225759255
-33.61554301720822
-32.79573994322843
-33.65754807156435
-32.947671633635565
-33.451853114656146
-33.57088566686503
-33.33257205508317
-33.67265075242624
-33.40285860698763
-33.571404147844035
-32.67780221101624
-32.63191139474599
-28.80260099540882
-28.82361478921685
-29.141408291403025
-27.5069382018428
-28.420581968965266
-26.226616036487577
-26.884819125605816
-27.619676818034403
-27.456732589023556
-24.898707994388765
-25.0642481654324
-26.07536759228823
-26.00447796376256
-27.771984368324812
-22.38330081390715
-24.010460666386948
-22.05418904877832
-23.339852787158613
-21.47637902486733
-21.828887195450527
-20.88745409337291
-17.853917647708197
-18.434269899639844
-15.343059184933558
-14.243221801052009
-13.215583865039793
-13.165086361407138
-11.977136084225464
-14.226813442049766
-14.184182916714285
-13.160671221900191
-12.827701466969124
-12.31792566577673
-13.68276650239788
-15.059260057895209
-16.098753845398477
-17.52889956918797
-18.40532267510144
-19.644689202767495
-20.507665862787775
-21.25208110089548
-21.781434568754626
-22.16044979602036
-22.83484479024724
-22.73675764210734
-23.501581138523857
-23.288336971692722
-23.86732581885964
-23.912590715167017
-23.918529561102673
-23.98377605037474
-24.47545671971882
-23.76758509845222
-24.192461592955777
-24.13014860250016
-23.873620734750922
-24.132512630509652
-24.54941098598413
-24.527526789879158
-24.097757236389867
-23.437741868439144
-23.93605484487316
-24.46359852127669
-23.943055901738145
-24.055772325324792
-24.029838284480697
-23.94176706369798
-23.827613127199218
-24.078939336308675
-24.16481200985506
-24.024281087547784
-23.721925779140264
-24.08641919538135
-24.220536073417357
-24.085672769570493
-24.311765616514574
-24.427399976232202
-24.494079287754882
-24.222370029309968
-23.912338926813472
-24.501971274171957
-24.36999709036117
-24.405535114030208
-23.892926859529457
-24.443962701016503
-24.42400351260204
-24.305521210738807
-23.91862995265577
-24.57218914572669
-25.037763543167763
-25.426411852768418
-25.177309080189268
-25.010488428869955
-24.828236694801152
-24.878208865702227
-24.75400123967935
-24.969086634877065
-24.883263614206903
-25.203450329737322
-25.262671280323936
-25.244530266906324
-24.62690228489097
-25.060683698701617
-24.892166423731076
-25.306007154449524
-24.966441766846195
-24.670075985236892
-25.35765470033313
-25.619584058975608
-24.989640815206226
-24.865585232050993
-24.58353667303179
-24.24155924994832
-24.505946071663292
-24.979377902486227
-24.986658946010927
-24.954104634965347
-24.905959022677784
-25.498081589440275
-25.442272821258697
-25.00542259406701
-25.503363631713327
-25.411855669778493
-25.3722182522201
-25.55974377480138
-25.33118300885639
-25.370482069170343
-25.313042024820426
-25.515348327063514
-25.08630964216804
-25.201481216144217
-25.408745583793177
-25.351247060472065
-25.338817941683523
-24.680582996771673
-24.7134507993533
-24.680506644622906
-24.510696376605125
-24.582270078012982
-24.753037387674418
-24.820916797661457
-25.231082369301518
-25.192480511625693
-25.013586528861296
-25.56399600286152
-25.251326193135622
-25.40317364826271
-25.165556362355808
-24.967741341592763
-25.49015900352525
-25.343030151076675
-24.987478547691286
-25.211063980194226
-25.17480739887158
-25.217047418692456
-24.857417981775903
-25.176298176823256
-25.290805602203253
-24.777639452520802
-24.472427168986645
-24.832310949308454
-24.62405028855199
-24.72732583742811
-24.493279527272026
-24.345128153393635
-24.232641367359758
-24.294203155052248
-24.316033684945825
-24.399039288641106
-24.22580462189252
-24.18719948960283
-24.586173325887533
-24.661295386882486
-25.29110253312947
-25.171522498489256
-24.97843027900268
-25.447757616599105
-24.845617653603508
-24.77010555170614
-25.352335948014158
-24.99416287661522
-24.758972858057284
-24.70859033805705
-24.614184365490985
-24.65766148540906
-24.670560919874802
-24.865895592998466
-24.734068105258995
-24.718946830555012
-24.57192100952019
-24.89904966209458
-25.30033066575954
-25.26007991380361
-25.324482563908596
-24.88491702040502
-25.163419453157818
-24.968538146118725
-23.966108890188494
-23.4120637140242
-24.448780711209764
-25.086950768540706
-24.647431836897887
-24.130443512887442
-23.8951313886683
-23.7163869403706
-23.17768936314424
-23.806387390610002
-23.337975706986335
-22.394808199283567
-22.595070081606735
-22.40873187748967
-22.574823378954317
-22.501453559288137
-22.478254997546745
-22.773289333567867
-22.889073867023264
-22.937664487717345
-23.1075587942106
-23.377127335612176
-23.934079511112245
-24.06816785093944
-24.272188395932098
-24.38211743949239
-24.487605032032445
-24.74678590200362
-25.02671371762937
-25.311682029809912
-25.595697138031518
-25.660519599587815
-25.182319524510707
-25.26560181073677
-25.14618158143942
-24.97536755788086
-25.32062250581255
-25.357793245154884
-25.344988817098663
-24.892971076429955
-25.3449789744851
-24.873010781170397
-25.011868439288563
-24.88919832710471
-24.870481157631353
-25.228580603930123
-25.1556972144928
-25.615406912473002
-25.511129710299766
-25.381819556008292
-25.407742386731503
-25.64360609216343
-25.340333832466374
-25.331168529919427
-25.486319514460945
-25.25926532561339
-25.623701391912473
-24.879392499787397
-25.366389913622314
-25.45376147862141
-25.32355877519334
-25.075143696813143
-25.176695326062045
-25.028660139634333
-25.118992863532362
-25.406924040404174
-24.48458124601955
-23.940753362173105
-24.263556541925983
-23.888384285837972
-24.067912691000945
-24.317613935723557
-24.87339662312037
-25.108296284508278
-25.66058972877844
-25.11869986766249
-25.085808279032328
-24.976182353758695
-24.893965904365277
-24.95026718614292
-25.127909866654292
-25.47369748084698
-25.24787120862816
-24.878452379392346
-25.199387189691933
-25.47049019163701
-25.06679221745035
-25.08112909388354
-25.169255759601285
-25.236542922634673
-25.091445952632128
-24.982359097967255
-25.15496740371881
-25.255711022625142
-25.313970501783164
-25.09563727421383
-25.49713692772018
-25.128473142024177
-24.854143738809242
-25.610342728603133
-25.2718574103627
-25.628807737947806
-25.353996572411926
-25.198014547584457
-24.805182050126508
-25.323798838407537
-24.84730353214507
-25.004067079040073
-25.205896661067126
-25.56814446721412
-25.193408903442894
-25.14055042637072
-24.98834245147138
-24.858074888642832
-24.996674566717378
-25.339873128592657
-25.208950557226913
-25.15511366042116
-25.727441912551203
-25.628089869314035
-25.563643923655235
-25.34347575745787
-25.246085732967085
-25.18432282704662
-25.10969171588482
-25.648571714600916
-25.360447949156733
-25.19368770788213
-25.21899416327032
-25.263786134807415
-24.965898683168657
-25.509660600511292
-25.172589003418906
-25.4215463078463
-25.264125016260948
-24.765046862081995
-25.549320472050027
-25.202380965849763
-25.532561629484483
-25.41296031846727
-25.27681505129508
-25.61096746531627
-25.55134638617468
-24.74817848738989
-24.788859762051153
-24.797618329818267
-24.951419372417305
-25.35006554371293
-25.26695124368488
-25.665022871387674
-25.003750503715587
-25.17268793259677
-25.143252728791797
-25.00304555949715
-24.945750059211154
-25.16904085004472
-25.32472219474426
-25.225702107981256
-25.231573431548473
-25.08951908991777
-25.34464007527079
-25.064487614639667
-24.557658406906608
-24.627219516290157
-25.226711089578576
-24.804195340209635
-25.37292799271553
-25.280998513556145
-25.1112313001458
-25.256546609318693
-25.287818007753128
-25.21749652462875
-25.699009327513533
-25.063829986986804
-25.92515482845063
-25.806770874953497
-25.25843931177303
-24.97135702557985
-24.88200861083575
-25.056457798866237
-24.70267349039076
-24.80817600983191
-24.752312837884894
-25.33525861305144
-25.281158349807164
-25.257572421963452
-25.067123227349953
-25.473424007987553
-25.345004040462282
-25.531157029995995
-25.652650811384852
-25.359702357008548
-25.467624783682663
-25.261096053803392
-25.558000430691006
-24.913936482762303
-25.205336498250595
-25.28342061932994
-25.276711490405138
-25.415097791895374
-25.350157309637027
-25.121957470444155
-25.140881717023095
-25.51068943538727
-24.973496045996267
-25.51209174889668
-24.952585525514564
-24.85373790948909
-24.686890117868323
-24.53702977174987
-24.856558004440284
-24.617943139953283
-25.10415970778001
-24.91706394843157
-24.991761340002423
-25.16777644942002
-25.405401032036306
-25.171007982029987
-25.466791082291405
-25.083068384515062
-25.47727639484381
-25.084310762446535
-25.378049085359745
-25.271484918607996
-24.885915084982518
-24.988666778937375
-22.452312001237985
-25.540462528028065
-22.668134108226628
-24.970302209655067
-22.744754181373395
-24.912563759029965
-22.77315370189828
-22.692049728930773
-19.222741210720564
-19.62924798081544
-21.150587460688417
-20.172625237546875
-21.132631116647545
-21.432922130513457
-21.77756223563915
-17.759155517881418
-17.371471378406596
-17.222061013966695
-17.179932738736984
-16.722932582120507
-18.392638662429853
-17.7076516915369
-16.11008433632091
-15.570286744129007
-14.305662309189916
-15.314975007759593
-14.34337190862313
-11.801668228540295
-9.74742597849086
-10.90333710163954
-12.090008294571886
-10.629193531016943
-10.988671585895657
-11.094425724867605
-10.732321780964531
-11.965775328819356
-12.946850289471016
-15.431367262982091
-16.12297254215542
-16.814336963771236
-18.014182664045727
-18.605471323435356
-19.346605038321595
-19.733551365148458
-21.2372843342822
-24.616912012338588
-26.681968920985916
-26.108107508830297
-26.243930800469666
-27.010883470146005
-26.826012587001014
-26.590521632317426
-27.696019254048835
-27.261310903923217
-27.537850406522246
-27.46048411029327
-27.31621675604285
-27.490958961310756
-27.342812754987097
-27.498321231374565
-27.99414116113291
-27.016786990946446
-27.50267481560975
-27.224321529752412
-27.750566439959087
-27.600262073629864
-27.840933938287947
-27.632821320780057
-27.18506591503681
-27.263997784742983
-27.452919351879846
-27.393435429439474
-27.356955306355065
-49.553950883759256
-49.66210994258587
-48.45866354575612
-45.63488910920336
-42.854617684306426
-38.72331773530155
-32.87767302377511
-25.971585354074406
-26.44168075957062
-26.36199387979886
-26.897233241617933
-27.569528767007977
-27.47581774635299
-27.37952879528463
-27.782240456551225
-28.335851927398746
-27.992451889346487
-28.536465143270377
-28.11808899898525
-28.091307257749925
-28.521361900859056
-28.446852132041876
-28.316093377059076
-28.514224240078033
-28.26423607119016
-28.32797444911754
-28.53621172194824
-28.36471816405266
-28.37339598169931
-28.538899920762283
-28.26327805684204
-27.845840407310856
-27.85931439527164
-28.1560782649097
-28.372491818192557
-27.847310538605285
-28.2647425711792
-29.017669713763144
-29.87450168935122
-29.54423222426632
-29.943813706677485
-29.89493618708647
-30.06176478622596
-29.412271503629405
-29.892431023357076
-29.62381988120798
-29.38506523325828
-29.895987719971355
-28.887024271205725
-28.866885383127453
-28.167537400106212
-28.96535871314093
-28.523158414716804
-28.43745848459073
-28.724590372964418
-28.62928806386335
-28.505827469715822
-27.547315179865898
-28.55133819684645
-27.972790576930304
-27.985446131880263
-27.87162004837332
-27.863967101804928
-28.336158921917026
-28.017940745203678
-27.97634925918297
-27.715557495032222
-27.99291933065139
-28.104191941590884
-28.00229479696202
-28.23652487752599
-28.338342373357257
-28.612336070678047
-28.119855219010983
-28.356045813042513
-28.435408856735194
-28.687500707227727
-28.236431750474644
-28.127727070478766
-28.71092862938731
-28.356672987422414
-28.506396020439823
-28.919458185331848
-28.33265235889467
-28.349801932824363
-28.50795524175646
-28.163518799940118
-27.997996925152773
-23.385527898294345
-22.484149036198662
-23.387593560209208
-23.728562589057113
-23.197798165218302
-24.1013086924679
-23.743267553859557
-22.97872295124311
-22.986984878977236
-23.17719040221306
-22.117486977940843
-20.804910745604186
-23.115737084502065
-20.930839660580574
-18.508482927860552
-22.447948542500225
-20.873894635836233
-20.67395171650561
-19.977254300722247
-19.65908262877599
-19.313805762487046
-19.03601053616585
-19.51709153926218
-16.2041320573151
-17.57167299254342
-17.26981173032634
-17.56260554694258
-14.255843327250473
-11.605386749759841
-12.448550313773334
-12.604013304631804
-10.409524309522952
-11.989696931999246
-10.356063885457026
-12.112677937674322
-11.29465161407085
-11.606548044300883
-12.429348932753774
-13.957181248085009
-15.462313724847329
-16.15616834825068
-19.188381763880653
-20.652008882381455
-22.454104047596157
-22.971068059495998
-23.169454178762788
-24.165182407715566
-24.140262129463185
-24.29867094445663
-25.08913250449377
-24.889598354548152
-25.952787055114424
-26.10436002447049
-25.8326278309186
-26.424470146786476
-26.1193785664856
-26.03520686933079
-26.416103680792375
-26.710714408485117
-27.114834773067116
-27.058577630959736
-26.940744420318296
-26.88267895301039
-26.965663418765246
-26.796720024571957
-26.89764974852564
-26.86847827575692
-27.31672145994053
-27.177650528830576
-26.860280184818482
-26.964151230687378
-26.763304115569138
-27.453750721476542
-26.912057783642616
-26.849733101076843
-27.25336844961374
-27.149444423175364
-27.25382031327074
-27.24999334957385
-27.17096203165922
-27.69655587761403
-27.020954898524998
-26.618856730241326
-26.981933500479613
-26.980645202554175
-27.661011642666864
-27.183982523551574
-26.976824205168825
-26.766770190374597
-27.447984976077127
-27.365312872928456
-27.06288025032171
-27.427725630413722
-27.287938436914512
-27.069765962305425
-27.257072127896006
-27.42142191214707
-26.931837356725158
-27.509736062349027
-27.217914640515204
-27.476375182859723
-27.48149251965883
-27.26309921297567
-27.342453047839253
-27.342009849136485
-27.54045449445001
-27.08466614047479
-26.93315917478701
-26.834445084645136
-26.84039026908245
-27.26169031968778
-26.818200900056294
-27.25048986446927
-27.099643337068677
-27.342043693484577
-26.919896122083152
-27.412030685822902
-26.908273780545198
-27.125438689988506
-27.161357712269602
-27.137318819235848
-27.224454782914346
-27.10361930406964
-27.09623769237702
-26.79770564723746
-27.323814040585884
-27.825731711650615
-26.731769074745046
-27.518671147691528
-27.553565258906286
-27.929913578484285
-28.414482145167064
-27.996970666994685
-27.819771001341994
-27.737341048080143
-27.6229915970749
-27.960336280028493
-27.895143852145498
-27.939943064468537
-27.70094368065955
-27.640960471267412
-28.141678666369785
-28.008753218204422
-27.86139779141463
-27.53373667679744
-27.592528007103393
-27.283205818182264
-26.965220519864
-27.156350722250046
-27.13853927930444
-27.29823011592947
-27.126698672697273
-27.21584184278835
-27.528444596540382
-27.10934632968364
-27.266851092767208
-28.035583487036664
-27.570308354186523
-27.694697020251642
-27.547188434166927
-27.989776944736004
-28.12157733278761
-27.919714614552756
-28.027631255276436
-28.177196619613746
-27.29399167726251
-27.867806965729255
-27.61366410309828
-27.582715228318165
-27.688894591333852
-27.202795286774684
-26.7502094969828
-27.216982308102157
-27.30367023516375
-27.001598903359238
-27.278393404753785
-26.7647644338668
-27.39118911496352
-27.025726091488785
-27.469763640492083
-27.136930567326317
-27.46360053752483
-27.44487438789955
-27.221848818305382
-27.471079743381697
-27.32302109587756
-27.43976083311854
-27.338769311458837
-27.193181964634462
-27.5326107086823
-27.54065857359787
-27.52197992227641
-27.28190798530234
-27.436336245291002
-27.153052125749113
-26.665543812626055
-27.097798294485266
-26.68977692910875
-27.08221111414608
-26.982220610727396
-26.740157564108852
-27.20136931589856
-26.815219564895862
-26.97230010121912
-27.40206257868728
-27.09140261264463
-26.927134225024343
-27.36470666199807
-27.100318987362215
-26.97828157294789
-27.39783444777494
-27.21193130677142
-26.766797081483517
-27.246695480422588
-27.19494000027909
-27.24223482871853
-27.486828023337907
-27.408979916059042
-27.40288433852828
-26.984543049857812
-27.1086389940094
-26.577654660748102
-27.266286963223518
-27.101306165098297
-27.11131809686736
-26.949044539472784
-27.002325569119662
-27.266057624923864
-27.177751224774834
-26.99497238805357
-27.46446899206768
-27.384661030962455
-27.721348780026176
-27.364748052805655
-27.430341560681583
-27.43446206630723
-27.00542133152795
-27.171191033284526
-27.1041688772751
-27.305203879317176
-26.982859037164307
-26.88084230780657
-27.005203636636285
-26.986889051439785
-27.22150918369305
-27.276675920770003
-27.142935487277153
-26.739671012325083
-27.56910065345887
-27.25416206359414
-26.930260284493713
-27.028992596790715
-26.91082693698314
-27.354631537039765
-27.00236982029372
-27.39050999372689
-27.158647612976903
-26.90454600047288
-27.11724197517582
-27.35827233315792
-26.858276631413005
-27.621994490693375
-26.91431010416705
-27.249293800682636
-27.48517568411081
-27.00496962026393
-27.227570864241343
-27.50401359436359
-27.328951915438115
-27.04764370288154
-27.477290667642613
-27.380053077942737
-27.33500323266008
-27.32978971318358
-27.14721746552493
-27.64368830607258
-27.27014848994219
-26.91048566164845
-27.36047109409407
-27.237095710020462
-27.00094592405628
-27.64616822267385
-26.683791542986842
-27.46723866949977
-27.235094874687015
-27.232950714935484
-27.346128145599888
-27.214603926940075
-27.089919284312202
-27.425883984186044
-26.868087778977927
-27.00460500849583
-26.83348209484516
-27.471697211587028
-27.038467639568545
-26.361754886307516
-26.344703277205625
-25.995652153468548
-26.35833211234209
-25.81158117953854
-25.361348013750476
-24.630590120436775
-25.070281484643374
-25.708749180122787
-26.02553175120007
-26.37676374916877
-26.558911574138527
-26.529883689645718
-26.526265090812544
-27.093364379471097
-26.838692656313587
-26.818990967752846
-25.054958359688932
-22.05550551384496
-20.595488452384526
-22.564970327175356
-21.982299847190188
-21.77516695552257
-21.15898104896018
-18.141395450985694
-19.92896440102986
-17.586498942955316
-18.835703088295876
-18.28340030421854
-19.415007443438274
-18.180149283676094
-18.03906370532904
-17.42359124682273
-15.488167256153051
-16.066332078096263
-15.71035288106704
-14.738896084680592
-14.66017789001746
-12.869582969096607
-13.237755597703275
-12.563367323677479
-12.579910871216022
-12.48179515342777
-13.076797194280504
-13.092202175612606
-13.753059044473563
-14.732688162187713
-16.66089559765505
-18.797674913793806
-21.97496016717732
-23.270319036733188
-23.125838186801083
-22.552221711080634
-23.98071089854427
-23.906111031269734
-24.18940360761112
-25.196561967316992
-25.279855796641705
-25.051072458467115
-25.436035579398112
-25.893394294285066
-26.397218366194743
-26.436838087056106
-26.488667300164618
-25.97148282451274
-26.202218020396145
-26.409960607496878
-25.890541959725567
-25.854684613840163
-25.877935431008112
-26.016350135752077
-25.93400821161224
-25.783066130457126
-25.59146217485189
-26.139746497739925
-26.141903393562337
-25.672420862032745
-25.692737972904126
-25.866066093165227
-26.119287313017775
-25.643740672630816
-25.77369592845889
-25.79447306395604
-25.850521330004057
-26.323621882560055
-26.360273154156353
-26.159677909423
-26.28955335767323
-26.310126528067244
-26.755187332314314
-26.44371753364629
-26.2904334445426
-26.255567685533382
-25.88530736040713
-26.078361791100665
-25.94059182826869
-25.805598984165414
-25.036392250964326
-25.00280755855844
-25.67516853669192
-25.556408499291024
-24.671118834913006
-24.68509399766093
-24.845728672932452
-25.24211319006863
-24.551893361853786
-24.911169059064544
-25.799116528465788
-26.113089396025092
-26.47837773113712
-26.044448041078432
-26.222464389985372
-26.227764522462028
-26.715665023976655
-26.526392088027126
-26.07854197749747
-25.977796362846252
-26.17764363553903
-26.183433649497417
-26.446371096820418
-25.659791641251655
-26.238966014852572
-26.242209657842317
-25.966628389912238
-26.510169717437464
-26.155359872858533
-26.171406069496438
-26.06135905189339
-25.96146565607673
-26.388789030024892
-26.318973384075502
-26.207559953559674
-26.419782676288147
-26.079428337957097
-26.22600180143704
-26.17272502981748
-26.527142309158013
-26.33899683820692
-25.977919041912106
-26.34549921416763
-26.23399332968368
-26.06692235573181
-26.365457208526824
-26.19490574350855
-26.46451936534139
-26.07493252112344
-26.275050058690635
-26.192704065559724
-26.320185586987165
-26.05924411268245
-26.5110074786777
-26.267598047861426
-26.272238758600004
-26.28182220624461
-25.878844640915858
-26.143093649764797
-26.31906448827254
-26.062718063782302
-26.192484277007154
-26.275730698535348
-26.12785057758002
-26.051059884757226
-26.323394601958068
-26.26361004413036
-25.97346082235533
-26.26266739713903
-26.452081452099446
-26.268374459746173
-26.32622324269291
-26.42986935646519
-26.07579329555388
-26.357744638526924
-26.066342866542648
-26.28376883318969
-26.139599479009565
-26.083086850174755
-26.31287585184206
-26.41543465911869
-26.31926776008151
-26.195765802209678
-26.164494211771334
-26.358248216097262
-26.06198912764743
-26.248088633046514
-25.95917695539019
-26.009862367115744
-26.161963266996125
-26.15875521595985
-26.198844313965765
-26.27692165220769
-25.955712018722842
-26.443471231396067
-25.968705477409962
-25.858633890747136
-26.081384743754683
-26.064141414631866
-26.177269585109954
-26.090527524387134
-26.497967992385373
-26.17754877878008
-26.28612520691572
-26.043171979199712
-26.149860884251293
-26.050357245458276
-26.165959897677823
-25.858677029513743
-26.168668929338065
-26.523705145503648
-26.25447916705153
-26.35128118344926
-26.149860884251293
-26.445806492711803
-26.265387958558826
-25.858677029513743
-26.26796828083456
-26.28480499753033
-25.920433147208872
-50.59558792902232
-50.888308765482726
-49.879301463019125
-46.76800882554712
-44.51184901843405
-40.756461633056816
-34.914946429407124
-28.222016229715177
-27.20075560015844
-27.40954628702217
-27.894041122313368
-28.448646949582333
-28.632269370987274
-28.869225332855862
-28.341516360128796
-28.90257839689284
-28.998400453599544
-29.073249829361515
-29.049769579418587
-29.005567032175353
-29.466414712688874
-29.425959183625057
-29.298510050278157
-29.00083283219749
-29.600185708005437
-29.49817708862226
-29.28201253585238
-29.229725434888362
-29.420496630111984
-29.10711187952886
-29.368331984986906
-29.45594826241335
-29.38172011052899
-29.45039064702702
-29.661073549057413
-29.65968827133334
-29.103071963398854
-29.589940537952224
-29.0091992612084
-30.67279097249831
-25.386119109759555
-31.075330319746925
-29.841043484680238
-30.311115779312498
-25.497412150972554
-26.116146050486584
-30.552826602830237
-30.65583777613388
-30.79900286549903
-25.210480866380816
-29.93262924899422
-29.277510537805476
-29.740878366710362
-30.166946645284835
-29.040755566648798
-29.49953166660633
-29.64535415437381
-29.496490780488816
-29.263413864588227
-29.843258121345553
-29.292587176585318
-29.038446273278442
-29.167705674769856
-29.177369012940193
-29.37771073261755
-29.101572937760356
-29.701885023136867
-29.1071639187797
-29.07146502655827
-29.340173852171095
-28.96955601106452
-29.086325459742476
-29.12762068550481
-28.91905940456285
-28.90509339968453
-28.380541997616962
-29.050559233353358
-28.77767463500569
-29.189387804360535
-29.151130850242303
-28.977435829080196
-28.993790005319035
-29.07063433168691
-29.415228020784433
-29.20990054597157
-24.079453448466637
-23.65514565719557
-25.7858074666412
-24.60594575450721
-24.124620340700833
-26.53398665678219
-24.559988409788613
-22.235883546199673
-24.63459933217158
-21.843134701800572
-24.951455156941357
-24.172139338795574
-20.309748269411553
-23.707596277268404
-23.10944115393058
-24.29109596442927
-24.252996872899562
-16.916657538163378
-20.010217369294732
-20.462806860189534
-19.57835241086842
-19.666595632826933
-18.319401153515333
-23.065340226126278
-22.01046388987619
-18.63276845652492
-22.7408284879516
-24.625917358345387
-21.554748337938054
-26.14454012891336
-22.852529158292914
-19.225742601183295
-16.06738007316389
-16.679876555291088
-15.003667833327443
-14.144380805156905
-13.688489250618574
-9.753152412802695
-14.156692298960378
-21.657909759296817
-29.639725851351937
-29.83717946035731
-29.686951533498096
-29.958122519434102
-30.149099017838772
-31.708710735273037
-32.232977797282494
-30.08820107503153
-29.544439819649696
-27.061916385162487
-24.47738634028479
-22.198044589794637
-20.424440212669335
-19.51405624787552
-19.69362541226579
-20.4459260503136
-21.777416412580262
-22.495077377399973
-22.528471014335416
-23.556588868138704
-23.30452774557145
-24.104584893869546
-23.86244662042266
-23.78547111329577
-23.242252895706773
-23.391850309654576
-23.299401166088654
-23.10637524894092
-23.455093761122534
-23.118231130639757
-23.13475057206037
-22.696424306410737
-22.691179553481152
-22.301273631214404
-22.133143353980145
-22.614122588500095
-22.335876708200928
-22.731002481709236
-22.19157336406147
-22.476786753575674
-22.15079098206242
-22.12899691913223
-22.63737614546483
-22.829601717647733
-22.45528088230991
-22.708428437871323
-22.73262774730893
-22.63053343838196
-22.207160321564984
-22.100159622517264
-22.627810706129754
-22.220332357834884
-22.37287280418158
-22.614785998776274
-22.3473688780021
-22.28121520934232
-22.404424541904756
-22.545967543056726
-22.615687099062608
-23.011608539968865
-22.664048496591505
-22.81967847736162
-22.629113821732034
-22.570651740399857
-22.259719444186565
-22.520567721609705
-22.408674714550685
-22.472204051534685
-22.65567663241467
-22.604849780538956
-22.699407868600122
-22.456391260594863
-22.469399201283302
-22.92473304976853
-23.14854499972126
-22.79558563474505
-23.160108707813645
-23.566415411635923
-23.032211025259187
-23.140721983717555
-23.108271668652822
-22.966253865480745
-22.98798184031263
-23.42456594842166
-23.36631515028641
-23.24275865460039
-23.042786020927654
-23.288346225632043
-23.258807987949844
-23.249915391811523
-22.941050499949927
-23.388076950462565
-23.266236806622654
-22.386254405895002
-22.618440889451364
-22.766920177418832
-22.503036691290223
-22.577498985998496
-22.381656018924446
-22.63170054485126
-22.652088206933513
-22.66903235462833
-22.545041454383895
-22.13072836108723
-23.057542927760224
-22.91683250213609
-23.5000113542892
-22.904773387602326
-22.931608945833556
-23.339626756071958
-23.18162562891311
-22.687922450286326
-23.29437467416456
-23.181579597345472
-23.526462901723914
-23.303952726649968
-23.177150403687133
-22.974747347692325
-23.175399252632506
-23.111282050752752
-23.082187814156615
-22.75755527314795
-22.59605929370195
-22.870987563295955
-22.706626669669078
-22.340669446510127
-22.550145789976835
-22.265857835868903
-22.68265460554251
-22.906105155130696
-22.659994689524297
-23.289613479271356
-23.15621993811713
-22.80437712747275
-22.833746753709665
-22.825520069911093
-23.10188250465576
-22.86503033599808
-22.940453114846175
-22.954752725688447
-23.226922932803124
-22.849087753735606
-22.774327717248696
-23.208409070676627
-22.516518288175092
-22.256330197611994
-22.18437302956176
-22.636660455039873
-22.45700160210822
-22.281543881132734
-22.281132516977355
-22.40512590332932
-22.258544030558944
-22.64737145924361
-22.36731655624011
-22.28163085303227
-22.171147501670383
-22.14117994604687
-22.200680973491284
-22.28771580009121
-22.14105795957219
-22.628158929769167
-22.37906887468279
-22.865064445220238
-23.02439113461649
-22.78182734427386
-23.118069544493796
-23.19490056147809
-23.1372568047569
-23.252816563821572
-22.51319490520227
-22.881226515906818
-22.407713887251003
-22.27913719876718
-22.500973612972015
-22.50540156712825
-22.61967902254739
-22.386625192775373
-22.430684968357884
-22.615265358334977
-22.64788057806806
-22.348881911891638
-22.484753353029863
-22.588532997372667
-22.681274965025118
-23.06172904972827
-23.054962254056985
-23.084878244329225
-22.967323253225228
-22.53822687583795
-22.66251437412894
-22.52955671522623
-22.612486331628993
-22.840117137589097
-22.546116172998182
-22.342472485078375
-22.781639510914985
-22.67715896666171
-22.801322233121482
-23.098981936358353
-22.83587375050341
-22.98068284524805
-23.006593396983142
-22.69398876292962
-22.219729503849774
-22.301334191898633
-22.526804702586805
-22.981516002526522
-22.499906749090115
-22.68262472091325
-22.294241976250206
-22.47493944328408
-22.3696588836281
-22.16352597985532
-22.49035636441015
-22.574099855383604
-22.275185923600127
-22.90206476190333
-22.6707888539493
-23.788088556464945
-22.866424909345294
-22.971745226124725
-23.160114066916716
-23.169844137160837
-22.922927982237407
-23.12073651724279
-23.221343874105084
-22.9102096595511
-22.692111462185068
-23.074010553645547
-22.53820544837594
-22.52581100394389
-22.40014475052406
-22.64623890165406
-22.62821429414855
-22.619508912132908
-22.66824515568618
-22.66836209436098
-22.725543321731575
-23.09196507719589
-23.77212837194669
-22.90631015223036
-22.85110415662094
-23.299791067386174
-22.849721486063146
-23.46526505321355
-22.722267137818417
-22.77579074746221
-22.490510647373007
-22.127182644877273
-22.159503194275384
-21.861286334675302
-21.72163061800045
-21.673309377760223
-21.49952539719242
-21.020708567816396
-21.801454859123083
-21.02153121231203
-21.277457833930914
-21.280732548831903
-21.373683033799875
-21.589557615744877
-21.792147795173495
-21.474949026744632
-21.131843997482825
-21.3003871811068
-21.297181855205263
-21.021661560193458
-21.348433808172082
-21.93181024527236
-21.694901278860705
-22.01593149406953
-22.526703013059358
-22.327894696529885
-22.22434679402605
-22.730231583747635
-22.63714194996377
-22.41603032415161
-22.513815932295785
-22.522527435426078
-22.166371464012485
-22.22756992732975
-22.448827391702594
-22.710834239291657
-22.694111203079064
-22.8792501267424
-18.588549425520014
-19.140946420118656
-18.655557156332318
-18.89241549337005
-18.595502613970787
-18.961753105948855
-20.035633242248178
-19.775649257310274
-18.933137689412053
-15.896652482779574
-19.17242041544295
-16.99848795707514
-17.667812052333673
-18.20863698465203
-15.53075512434927
-13.497746600614533
-14.471737957832453
-16.234388613388923
-12.292915047460253
-14.066497030317407
-14.588862459476939
-17.737937443497938
-12.848319885909827
-16.803161946199836
-16.88271906576999
-19.308180506414754
-15.355669942618414
-21.150050157957995
-23.480031575215715
-17.110963266843157
-17.843959314240646
-13.987069732426484
-16.113973052006497
-9.103948798572668
-8.883196778199217
-25.125393490155556
-25.786904042255525
-25.488613205820702
-26.155638493667677
-29.842941764484692
-29.134045027187426
-29.11202771906914
-28.00664300051213
-26.14388784638542
-23.950353664497225
-21.559051362169757
-19.648774501407964
-18.592323162035182
-18.512062885457286
-19.484089227986303
-20.886348015677193
-21.916094679291117
-22.98683090836987
-23.758766030060574
-25.454753004646676
-25.825943567861515
-27.140166185143435
-25.970512502475373
-26.4690924961981
-25.658460856183233
-25.122529776329785
-24.92815709262989
-25.151448723994484
-25.411451848582804
-24.839964107247255
-25.149820218501716
-25.039492070155163
-25.02288752100143
-24.68745378905376
-24.488190961490872
-24.685812995548112
-24.118225334099055
-24.517029755597527
-24.863605321679678
-25.14070599340179
-25.01050814334333
-24.908095750005913
-25.126296926785113
-24.61169292103829
-24.61977544895426
-24.73286165184498
-24.87765144324859
-24.707125597935374
-24.87796658971079
-25.29709135055005
-25.28174664282985
-25.01877779164282
-25.114418439079408
-24.667718140636637
-24.736917916490242
-25.06459014243532
-24.584278733072413
-24.592313901920594
-24.563661840842215
-24.75804587390999
-24.913310607136996
-24.91195147458576
-25.126544405652403
-25.121809149746642
-24.819360156505798
-24.823682964608288
-25.011989196274282
-24.824194237076096
-24.70554548337473
-24.807818591295767
-25.049105720048654
-25.010552452142758
-25.124061903649874
-25.056836367736754
-25.232830906724388
-24.782009393435573
-24.382195721415467
-24.349219739488223
-24.300924172891527
-23.593967289520855
-24.109974224080982
-19.635777648387965
-23.870254793263303
-18.75518116407875
-18.79808273570934
-17.401924630967958
-17.648038407346668
0.0
0.0
0.0
0.0
0.0
0.0
0.7950346548427115
0.0
0.0
0.0
0.0
0.0
-0.5025430026270905
0.0
0.0
0.0
0.0
0.0
0.0
0.0
0.0
0.0
0.0
0.0
0.0
0.0
0.0
0.0
0.0
0.0
0.0
0.0
0.0
0.0
0.0
-27.845946382218642
-26.89623291239318
-27.98176098244754
-27.983004910948203
-28.45979825393688
-28.015710061514273
-28.58564619754785
-28.036554307293176
-27.89531569688124
-28.00073342967313
-28.596266863380286
-28.86185323977952
-29.211513693856432
-29.332267725007284
-28.905122182316006
-29.0752099470967
-28.748133553789916
-28.774817827283204
-29.410778531438655
-28.815598735488038
-28.788358283038985
-29.183791804360276
-29.031710024110392
-28.76754274474732
-28.45751257732769
-28.898384032627554
-28.648733815747047
-28.522743024475954
-28.142672425828156
-28.150676317823542
-28.142155279344234
-28.372584740663143
